iter	locus	ct0	ct1	ct2
0	0	0.001622288869	0.01353672402	0.04085658282
0	1	0.002081982906	0.005746636249	0.1667583737
0	2	0.001676261432	0.008824399939	0.02852167721
0	3	0.004310730521	0.005854415222	0.05258641785
0	4	0.004749378417	0.06929356103	0.3073444949
0	5	0.006114395255	0.01306020022	0.0243034043
0	6	0.006958461115	0.0120237635	0.02919222897
0	7	0.001391238358	0.01128844277	0.02389623759
0	8	0.001432687112	0.004323601547	0.006763574336
0	9	0.002938317176	0.01683658469	0.02467102337
1	0	0.002152980213	0.01353672402	0.03020849437
1	1	0.002081982906	0.01623219689	0.1196097542
1	2	0.00386487037	0.006900161876	0.02852167721
1	3	0.004099952387	0.004310730521	0.03896409997
1	4	0.001298202203	0.005551427671	0.2687787049
1	5	0.01306020022	0.0146681621	0.02931607548
1	6	0.00598790269	0.007542457307	0.02241197449
1	7	0.001391238358	0.004821511449	0.04273118325
1	8	0.001432687112	0.004240974926	0.02075959687
1	9	0.002938317176	0.01446818892	0.04818970884
2	0	0.001113663607	0.002152980213	0.03405145603
2	1	0.00175460019	0.004610278284	0.09156428467
2	2	0.00386487037	0.02017563997	0.02700969397
2	3	0.005325026816	0.01380305935	0.04236665776
2	4	0.0005098138081	0.001298202203	0.2299877181
2	5	0.007138430796	0.01306020022	0.02931607548
2	6	0.002833291723	0.00598790269	0.02241197449
2	7	0.001391238358	0.004122206541	0.03136494273
2	8	0.005168286469	0.01426324737	0.01519960322
2	9	0.002938317176	0.02516693506	0.03885939082
3	0	0.01429933969	0.02511140161	0.049026985
3	1	0.00175460019	0.003369412684	0.02250305344
3	2	0.00386487037	0.01373476296	0.02204262183
3	3	0.002521920742	0.007184075316	0.04236665776
3	4	0.001298202203	0.004305110871	0.1736643162
3	5	0.007138430796	0.02452087133	0.03161537466
3	6	0.001139411753	0.002019457932	0.02075652222
3	7	0.002960086046	0.007615358817	0.03136494273
3	8	0.005168286469	0.007843507834	0.00959407625
3	9	0.002938317176	0.01053507599	0.02371638992
4	0	0.01429933969	0.03028125061	0.03953222895
4	1	0.005294310281	0.005709297255	0.03141898871
4	2	0.00386487037	0.01373476296	0.04495795442
4	3	0.007184075316	0.01477025704	0.03567595732
4	4	0.004305110871	0.01674042272	0.1457042667
4	5	0.01675289498	0.01747671521	0.03161537466
4	6	0.001139411753	0.005066336235	0.02626954878
4	7	0.002960086046	0.005921439164	0.0436582786
4	8	0.001923057067	0.008840885136	0.01323847795
4	9	0.002938317176	0.009999983809	0.02692432845
5	0	0.003323843719	0.01581815763	0.0259694793
5	1	0.005294310281	0.009327451628	0.03705486754
5	2	0.0001965584246	0.02860430643	0.04495795442
5	3	0.0006169118842	0.01626185449	0.06923931786
5	4	0.003649314901	0.01760588426	0.1048241795
5	5	0.00405335369	0.01384318528	0.04674796561
5	6	0.001025068702	0.001856955603	0.01403898962
5	7	0.002960086046	0.007955430654	0.0555142273
5	8	0.005039927147	0.01091139928	0.0166768877
5	9	0.002938317176	0.007221759955	0.02692432845
6	0	0.00301009284	0.01045255322	0.04310426713
6	1	0.002492554364	0.01779035211	0.03705486754
6	2	0.0001965584246	0.02860430643	0.04495795442
6	3	0.0006169118842	0.01314679022	0.05813722035
6	4	0.00329030577	0.01863341874	0.02047893739
6	5	0.01168423771	0.01384318528	0.04723611409
6	6	0.001856955603	0.00458727492	0.02864702581
6	7	0.002478085863	0.007024252485	0.05158399741
6	8	0.01026563104	0.01156214286	0.0153871534
6	9	0.002938317176	0.02169826436	0.03190403123
7	0	0.001186743533	0.01505127791	0.04047778006
7	1	0.002492554364	0.01867246497	0.03662038962
7	2	0.0001965584246	0.01488508307	0.02469666227
7	3	0.004277247246	0.005683255199	0.03834527767
7	4	0.008042342532	0.02015356193	0.02047893739
7	5	0.001826717163	0.02432351491	0.04000153327
7	6	0.003010181906	0.008390079867	0.02499335093
7	7	0.001536624966	0.003943476628	0.0568858818
7	8	0.003435662056	0.0153871534	0.0211272185
7	9	0.000490732917	0.02773270821	0.03757675307
8	0	0.001186743533	0.01624148795	0.02465705223
8	1	0.0003634285192	0.002492554364	0.006246177838
8	2	0.001202773248	0.01334523316	0.01488508307
8	3	0.003481679673	0.008639637028	0.04325724494
8	4	0.003032201959	0.007659968012	0.008042342532
8	5	0.01029639687	0.02794767616	0.0425953747
8	6	0.002400982881	0.01647523153	0.02204250931
8	7	0.001536624966	0.008267830916	0.01617962909
8	8	0.003435662056	0.006224596527	0.0153871534
8	9	0.000490732917	0.007294455187	0.03120278917
9	0	0.001186743533	0.0128478687	0.02618373647
9	1	0.002136148322	0.002492554364	0.03401996468
9	2	0.001202773248	0.02050404784	0.0491311538
9	3	0.004037027544	0.01110810661	0.06983695852
9	4	0.003032201959	0.008302188803	0.01102009426
9	5	0.01029639687	0.03199080122	0.0425953747
9	6	0.008958793253	0.01647523153	0.02511334312
9	7	0.001536624966	0.008267830916	0.04970283805
9	8	0.005251466891	0.005561368759	0.01335598599
9	9	0.000490732917	0.01576912509	0.02285927525
10	0	0.002017824802	0.01626129017	0.04105410409
10	1	0.004616186591	0.004979774382	0.04716317478
10	2	0.001202773248	0.01807911046	0.04287336967
10	3	0.009238377697	0.01446655753	0.07464541974
10	4	0.009759940377	0.01856801746	0.01963869569
10	5	0.01065990811	0.03932958459	0.048305864
10	6	0.004274404502	0.007932144544	0.02344979419
10	7	0.001536624966	0.01046579914	0.04970283805
10	8	0.0004949040353	0.005561368759	0.01229952695
10	9	0.001023239285	0.005411791178	0.02285927525
11	0	0.002017824802	0.01335886538	0.02872655034
11	1	0.004616186591	0.004979774382	0.01520089818
11	2	0.004464127123	0.00730335925	0.0442508522
11	3	0.003885269016	0.009238377697	0.04844516762
11	4	0.004965739527	0.008852583662	0.009759940377
11	5	0.01065990811	0.02142163269	0.04407299138
11	6	0.004768995752	0.005030912733	0.02312650201
11	7	0.004969832505	0.0142708131	0.05535512574
11	8	0.004487266965	0.005561368759	0.008801798907
11	9	0.001654471537	0.006039655777	0.02285927525
12	0	0.002017824802	0.004890392029	0.02618422495
12	1	0.00332555446	0.004979774382	0.03640214474
12	2	0.0006334221159	0.01487827501	0.04474874223
12	3	0.004981575148	0.006437960507	0.0727806255
12	4	0.005599458628	0.008077330778	0.008852583662
12	5	0.02146180598	0.02644994029	0.04407299138
12	6	0.005030912733	0.007189415681	0.06012894855
12	7	0.004969832505	0.01450613716	0.05406321464
12	8	0.0009032154332	0.007178385861	0.008801798907
12	9	0.001654471537	0.001814201538	0.02219340173
13	0	0.006972818712	0.008522598252	0.04141414234
13	1	0.00332555446	0.004979774382	0.04012841628
13	2	0.0006334221159	0.0284985147	0.03976542897
13	3	0.00162333926	0.004981575148	0.02076444054
13	4	0.0007335717274	0.008077330778	0.008852583662
13	5	0.0192469442	0.02146180598	0.04583819587
13	6	0.005030912733	0.007189415681	0.01492543704
13	7	0.001024601057	0.006503724999	0.05406321464
13	8	0.0009032154332	0.007306365539	0.00930343807
13	9	0.001654471537	0.001814201538	0.0168816562
14	0	0.005892999304	0.008522598252	0.04599072058
14	1	0.003631286694	0.004979774382	0.04536921176
14	2	0.001717854746	0.03766160619	0.03976542897
14	3	0.004566735222	0.004981575148	0.04058817914
14	4	0.001379135476	0.002014170136	0.007461499406
14	5	0.02269072249	0.03814730295	0.04583819587
14	6	0.002941574966	0.00339353652	0.01492543704
14	7	2.596522211e-05	0.005948098615	0.05406321464
14	8	0.001189935824	0.007538970151	0.00930343807
14	9	0.01106779881	0.01679207798	0.05621752739
15	0	0.005404471185	0.01677371657	0.04180207284
15	1	0.002121219152	0.006858433482	0.04555272751
15	2	0.001717854746	0.01675197866	0.03775864484
15	3	0.005647260901	0.0153083605	0.03184429043
15	4	0.001141255266	0.002014170136	0.006950162503
15	5	0.002521186936	0.03105388852	0.03723915933
15	6	0.002941574966	0.00339353652	0.02596168674
15	7	2.596522211e-05	0.005948098615	0.05406321464
15	8	0.001189935824	0.006953793105	0.00930343807
15	9	0.008012521315	0.01679207798	0.02541039265
16	0	0.01640282752	0.01677371657	0.04180207284
16	1	0.003193668622	0.006976058584	0.04555272751
16	2	0.001717854746	0.002549258653	0.02045177934
16	3	0.005647260901	0.01789682641	0.05796591836
16	4	0.001141255266	0.002902850337	0.01353513639
16	5	0.01102253473	0.03518209181	0.05877653853
16	6	0.0005164447898	0.00339353652	0.01619483581
16	7	0.0009923884198	0.003379647074	0.0231591369
16	8	0.001189935824	0.007180573548	0.00930343807
16	9	0.006025230246	0.008012521315	0.0382760302
17	0	0.0005472936381	0.01677371657	0.02487510531
17	1	0.01900959996	0.01946790459	0.05441763954
17	2	0.007582062398	0.00998227104	0.05123068552
17	3	0.01695464106	0.01789682641	0.06037993285
17	4	0.003865816308	0.007017745606	0.01525992277
17	5	0.007754407684	0.02206080448	0.04172200932
17	6	0.0005164447898	0.00339353652	0.01619483581
17	7	3.913564073e-05	0.0009923884198	0.01646891856
17	8	0.001189935824	0.002321669153	0.003567253488
17	9	0.006025230246	0.008012521315	0.02279754976
18	0	0.002767741349	0.006530475673	0.02253198283
18	1	0.01190594541	0.01841832717	0.04460998707
18	2	0.00998227104	0.02392968481	0.06145331945
18	3	0.008466482194	0.01695464106	0.04580160238
18	4	0.001635976078	0.01422445638	0.0160445022
18	5	0.007754407684	0.01799168408	0.03264933191
18	6	0.0005164447898	0.004982756007	0.01619483581
18	7	3.913564073e-05	0.0009923884198	0.03487992894
18	8	0.003567253488	0.007933643548	0.01501762247
18	9	0.002745870646	0.006025230246	0.03679158324
19	0	0.005721706321	0.006842014554	0.02037892658
19	1	0.0004171470016	0.002884869648	0.02955574341
19	2	0.01490528332	0.02298975394	0.06145331945
19	3	0.00426128815	0.02404180398	0.05710765073
19	4	0.01204068331	0.01577484706	0.0160445022
19	5	0.01735790361	0.0175168692	0.03224657601
19	6	0.0005164447898	0.002548543056	0.01619483581
19	7	3.913564073e-05	0.0009923884198	0.03806293218
19	8	0.003567253488	0.007933643548	0.01554853225
19	9	0.002745870646	0.005916891122	0.03944553382
20	0	0.001160995445	0.005024229755	0.02805365725
20	1	0.001717489108	0.002328244682	0.03606600923
20	2	0.005693247182	0.007650660699	0.04770783642
20	3	0.007467128487	0.02404180398	0.04415497495
20	4	0.001722972488	0.002396736991	0.002985921804
20	5	0.01638526743	0.0175168692	0.03978071528
20	6	0.0008323282101	0.002548543056	0.02404617934
20	7	3.913564073e-05	0.0009923884198	0.03468069495
20	8	0.008813316249	0.01174943474	0.01412302061
20	9	0.002745870646	0.01209282352	0.04246920485
21	0	0.001160995445	0.008004401712	0.02003578588
21	1	0.002328244682	0.007678890784	0.01695442701
21	2	0.005693247182	0.01032928589	0.04770783642
21	3	0.00127970014	0.01337450414	0.05438278109
21	4	0.00126804763	0.001722972488	0.01494610016
21	5	0.01733266257	0.02268314357	0.03749242797
21	6	0.0008323282101	0.002548543056	0.02884314806
21	7	0.0003903174695	0.0009923884198	0.0435359048
21	8	0.0005171743769	0.006678790262	0.01174943474
21	9	0.005805831711	0.01209282352	0.03745976097
22	0	0.001160995445	0.008004401712	0.03476597654
22	1	0.00389924225	0.007678890784	0.03207300931
22	2	0.0008441212283	0.02419723771	0.03520047669
22	3	0.00127970014	0.01613988538	0.04744914534
22	4	0.00126804763	0.001722972488	0.02269312147
22	5	0.01861068062	0.02059411934	0.03749242797
22	6	0.001953726729	0.002548543056	0.02884314806
22	7	0.0003903174695	0.0009923884198	0.03623513289
22	8	0.0005171743769	0.006678790262	0.007436235575
22	9	0.001763683663	0.009399709065	0.03745976097
23	0	0.001160995445	0.0223651219	0.04715084432
23	1	0.007678890784	0.01010885168	0.02415584225
23	2	0.0008441212283	0.01543460124	0.0505228698
23	3	0.00580259737	0.01613988538	0.06129623291
23	4	0.000436560796	0.001722972488	0.004530698521
23	5	0.0251105607	0.03664717768	0.06926417611
23	6	0.0001678304757	0.004342175613	0.01465919748
23	7	0.0003903174695	0.003020853473	0.03623513289
23	8	0.0005171743769	0.004047532245	0.007436235575
23	9	0.008965967467	0.02516615381	0.03911393763
24	0	0.001160995445	0.01656984736	0.03882284553
24	1	0.007678890784	0.01010885168	0.02415584225
24	2	0.003884814172	0.0363043776	0.0505228698
24	3	0.00164643577	0.02216930632	0.06156855363
24	4	0.004149009579	0.008629886877	0.00916776462
24	5	0.002926532303	0.01899937867	0.06926417611
24	6	0.0001678304757	0.004342175613	0.03142108717
24	7	0.002669901524	0.003869720713	0.02760838063
24	8	0.001125129014	0.007436235575	0.01624396855
24	9	0.004054267326	0.005681901396	0.01282876731
25	0	0.002153276221	0.01276614209	0.05011406193
25	1	0.006119281454	0.01148621494	0.02373959565
25	2	0.003884814172	0.0363043776	0.05474648934
25	3	0.01407529647	0.02070126516	0.06156855363
25	4	0.002555882689	0.006087614147	0.006279854337
25	5	0.01484631825	0.05529965462	0.06926417611
25	6	0.004113136687	0.006783177066	0.01392850353
25	7	0.002202570221	0.003869720713	0.03377924263
25	8	0.0006808566176	0.001195135823	0.007436235575
25	9	0.004054267326	0.00715735923	0.02381920212
26	0	0.001650072942	0.002153276221	0.02702477106
26	1	0.006442435777	0.01743612233	0.04229319311
26	2	0.007939249239	0.01594709011	0.04442461816
26	3	0.004098489199	0.01896585251	0.04818964486
26	4	0.001895627673	0.002555882689	0.003645625365
26	5	0.01892450168	0.02001603632	0.04359465586
26	6	0.003712732249	0.01624801322	0.02153133488
26	7	0.001288981519	0.0129115095	0.03006385851
26	8	0.0006808566176	0.007032570025	0.007436235575
26	9	0.006564697177	0.007877910832	0.02718716284
27	0	0.002153276221	0.01814312357	0.02094950906
27	1	0.00482800148	0.01430992561	0.04698528476
27	2	0.01047384015	0.01413464966	0.03823511993
27	3	0.002859837951	0.01119267075	0.06746684431
27	4	0.000610391905	0.001895627673	0.003393689622
27	5	0.01206142889	0.02001603632	0.03730968068
27	6	0.003712732249	0.01207734927	0.02153133488
27	7	0.001652657227	0.0129115095	0.07256044381
27	8	0.0006808566176	0.007656695386	0.008742250687
27	9	0.005650660684	0.01249651216	0.02718716284
28	0	0.002153276221	0.01220829032	0.0249125939
28	1	0.01168031274	0.01229402026	0.0414615107
28	2	0.00836032747	0.009207617643	0.03823511993
28	3	0.003122505164	0.003746773593	0.02517606351
28	4	0.000610391905	0.001895627673	0.003393689622
28	5	0.01186038176	0.01206142889	0.02198495386
28	6	0.003036223887	0.00882499507	0.02153133488
28	7	0.001652657227	0.01706361189	0.05188628778
28	8	0.004921653941	0.005009269346	0.005271851795
28	9	0.002254258131	0.0111418886	0.0441247221
29	0	0.002153276221	0.01079062417	0.03586401836
29	1	0.01644544592	0.01832365308	0.03940796525
29	2	0.009207617643	0.01266957214	0.03823511993
29	3	0.003122505164	0.003746773593	0.05005611242
29	4	0.002377006371	0.003202403005	0.003393689622
29	5	0.005017579121	0.01842095093	0.02335730959
29	6	0.001312162104	0.01253076932	0.02153133488
29	7	0.001652657227	0.01161025949	0.04938088727
29	8	0.005009269346	0.008795243432	0.0102402196
29	9	0.001621845012	0.02067338237	0.0500300966
30	0	0.0001925828876	0.01719093996	0.0379506705
30	1	0.003784176527	0.01132429253	0.03078850164
30	2	0.01288161405	0.01375907672	0.02839841086
30	3	0.003746773593	0.009348145006	0.05005611242
30	4	0.003202403005	0.003393689622	0.01159883217
30	5	0.02444491741	0.04053779465	0.07103116937
30	6	3.350151287e-05	0.01534417755	0.02153133488
30	7	0.001652657227	0.01420429474	0.05904685528
30	8	0.002042240482	0.0102402196	0.01095280016
30	9	0.001621845012	0.003347415227	0.04582416407
31	0	0.006310220724	0.02111449296	0.05031162369
31	1	0.003800086256	0.009001988591	0.04095216589
31	2	0.01375907672	0.02149286969	0.0526794253
31	3	0.004996948237	0.009028057468	0.0320642964
31	4	0.003393689622	0.009753137606	0.01159883217
31	5	0.008465463988	0.02270450089	0.07103116937
31	6	3.350151287e-05	0.009007086366	0.02225027639
31	7	0.005578701979	0.006982429136	0.0611606743
31	8	0.002042240482	0.0102402196	0.01095280016
31	9	0.003347415227	0.005250188519	0.02075313273
32	0	0.006310220724	0.03581241938	0.03757287974
32	1	0.003800086256	0.009825161392	0.03016665005
32	2	0.01375907672	0.02149286969	0.06876465118
32	3	0.003814772424	0.01004999405	0.05281775351
32	4	0.002289995258	0.01243245018	0.01342984982
32	5	0.006193981727	0.02843036517	0.0485703895
32	6	3.350151287e-05	0.009007086366	0.01365450521
32	7	0.01238205097	0.02688742249	0.02848635358
32	8	0.006995501565	0.009790519674	0.01095280016
32	9	0.003347415227	0.005250188519	0.009522826573
33	0	0.006310220724	0.03581241938	0.03757287974
33	1	0.006996875372	0.009825161392	0.04368350649
33	2	0.0159226178	0.01783150821	0.05857900899
33	3	0.006671678009	0.008605046346	0.03186476727
33	4	0.001720042964	0.008023969388	0.01903566187
33	5	0.004726086093	0.02843036517	0.03840941193
33	6	3.350151287e-05	0.009007086366	0.0250205832
33	7	0.004608643344	0.02265746437	0.03972025965
33	8	0.006995501565	0.009987179485	0.01341850737
33	9	0.002324543791	0.005250188519	0.02950936657
34	0	0.006310220724	0.03981230359	0.04052716618
34	1	0.006996875372	0.008697050806	0.03555483556
34	2	0.01295934482	0.0159226178	0.05857900899
34	3	0.001093542517	0.001166468142	0.04166105834
34	4	0.009713640356	0.01662143038	0.01928795071
34	5	0.002853261725	0.02843036517	0.03840941193
34	6	3.350151287e-05	0.002673411936	0.02644523349
34	7	0.006172304459	0.02566542563	0.0670006383
34	8	0.0002483499902	0.007273286712	0.01927626862
34	9	0.008503712839	0.01343774409	0.06111881597
35	0	0.005450358752	0.03981230359	0.04052716618
35	1	0.005149411853	0.005440866934	0.02207488829
35	2	0.0001942461983	0.02277995542	0.05909165615
35	3	0.006556462561	0.02166359265	0.08218829896
35	4	0.006512162659	0.01463045011	0.01662143038
35	5	0.002853261725	0.02676966517	0.02843036517
35	6	3.350151287e-05	0.002673411936	0.0287710509
35	7	0.005666478586	0.01844972695	0.06806684684
35	8	0.002582769205	0.005131126153	0.007273286712
35	9	0.0008755384055	0.01929361065	0.02825118012
36	0	0.005450358752	0.01321798552	0.04666678074
36	1	0.003337411265	0.005440866934	0.03506523588
36	2	0.002748870037	0.0274679659	0.05720832465
36	3	0.00658391604	0.02166359265	0.04548469181
36	4	0.0007562388567	0.00425920521	0.004318965635
36	5	0.006267380357	0.03354929655	0.044035375
36	6	3.350151287e-05	0.003146202499	0.0287710509
36	7	0.00482249156	0.01203783575	0.05300625668
36	8	0.002582769205	0.006602994175	0.02318566076
36	9	0.0008231725464	0.0008755384055	0.03651774909
37	0	0.002971965401	0.004457071081	0.04666678074
37	1	0.005440866934	0.01240919377	0.02271160073
37	2	0.002748870037	0.002799101104	0.03390627422
37	3	0.01471689757	0.0180594218	0.05849861603
37	4	0.00350361709	0.00373158658	0.004318965635
37	5	0.003043162205	0.05102890128	0.05608533564
37	6	3.350151287e-05	0.005945037554	0.006911774259
37	7	0.00482249156	0.009797209095	0.06111098575
37	8	0.002582769205	0.009247750838	0.02318566076
37	9	0.0008755384055	0.01158226739	0.0254291001
38	0	0.002971965401	0.01284107065	0.04666678074
38	1	0.004864009059	0.005440866934	0.05488705622
38	2	0.002322873565	0.002799101104	0.01808098455
38	3	0.006961079564	0.03146647412	0.05849861603
38	4	0.0007904956469	0.00350361709	0.004318965635
38	5	0.0156560331	0.04163110195	0.04518222366
38	6	3.350151287e-05	0.006911774259	0.02781895698
38	7	3.969885299e-05	0.006489688072	0.06111098575
38	8	0.001122981006	0.002582769205	0.0138323517
38	9	0.0007403455338	0.006398495951	0.03489936551
39	0	0.001447682501	0.00426282945	0.01639756054
39	1	0.003941446835	0.005440866934	0.05488705622
39	2	0.0009355818464	0.008836878035	0.04253192777
39	3	0.001246620391	0.006961079564	0.03173727549
39	4	0.0007904956469	0.007487812473	0.009860425784
39	5	0.01602027131	0.03404560383	0.03859117745
39	6	3.350151287e-05	0.008420498758	0.01709528081
39	7	3.969885299e-05	0.003734238334	0.0303724429
39	8	0.0009389908694	0.002582769205	0.01411383825
39	9	0.0007403455338	0.006398495951	0.03689137062
40	0	0.006125920458	0.01934821885	0.05674016111
40	1	0.003672635154	0.01021838296	0.02943137195
40	2	0.001400162995	0.004547437593	0.01938516399
40	3	0.002095735039	0.006961079564	0.03173727549
40	4	0.0007904956469	0.006922374774	0.01453014008
40	5	0.00191329875	0.0286196364	0.03404560383
40	6	3.350151287e-05	0.008420498758	0.01709528081
40	7	0.0006142221397	0.008284819513	0.0400746205
40	8	0.0008430224385	0.009895954754	0.01411383825
40	9	0.0007403455338	0.03683243951	0.03689137062
41	0	0.006125920458	0.01969480273	0.05674016111
41	1	0.0006564760173	0.003672635154	0.02943137195
41	2	0.004547437593	0.05218917932	0.05392504554
41	3	0.002095735039	0.003228471121	0.03173727549
41	4	0.002817267936	0.004912914647	0.0200597878
41	5	0.00191329875	0.0277475372	0.03108430164
41	6	0.0005140859487	0.009149362003	0.01557154723
41	7	0.0006142221397	0.002277135051	0.0400746205
41	8	0.0008430224385	0.01840799543	0.02396675048
41	9	0.0007403455338	0.02142975117	0.04564718159
42	0	0.006125920458	0.0119175606	0.03954927785
42	1	0.0006564760173	0.003614695264	0.02943137195
42	2	0.004547437593	0.03427474328	0.06588174054
42	3	0.002493731732	0.003228471121	0.04763807858
42	4	0.002817267936	0.003028504734	0.004912914647
42	5	0.00354717107	0.02071435195	0.03108430164
42	6	0.0002608219746	0.005677132825	0.02105024558
42	7	0.002396487161	0.003417462176	0.05464357176
42	8	0.0007383442998	0.01153712524	0.01209153846
42	9	0.008175076218	0.02750495087	0.04564718159
43	0	0.0007585181922	0.02085854897	0.04303981364
43	1	0.001977562616	0.003614695264	0.02943137195
43	2	0.004547437593	0.01439774372	0.03937270116
43	3	0.009752459446	0.01078641874	0.03827885921
43	4	0.007938989606	0.009432748323	0.0133554112
43	5	0.00354717107	0.01785084744	0.04215712921
43	6	0.0002608219746	0.01608265792	0.03626348238
43	7	0.001969677913	0.002396487161	0.07419682237
43	8	0.0003468939764	0.0007383442998	0.01681810889
43	9	0.008175076218	0.01605515193	0.04157003563
44	0	0.0007585181922	0.02442924401	0.03154024583
44	1	0.00352259648	0.003614695264	0.02525292099
44	2	0.002231274125	0.03478678456	0.04310631908
44	3	0.001409176031	0.005386412251	0.02445230734
44	4	0.003593799452	0.01275801809	0.0133554112
44	5	0.00459823509	0.03582442319	0.04215712921
44	6	0.0002608219746	0.01510725839	0.02729119326
44	7	0.002396487161	0.005744862473	0.02584109577
44	8	0.0003468939764	0.0007915098995	0.002263249157
44	9	0.008175076218	0.008182527995	0.04157003563
45	0	0.000343011733	0.007400698134	0.0367644332
45	1	0.00352259648	0.004245263554	0.02819926243
45	2	0.002231274125	0.05464260614	0.07386990558
45	3	0.005386412251	0.01808172014	0.02623594692
45	4	0.005157063496	0.007187439308	0.01255337759
45	5	0.0100719443	0.04215712921	0.04467745906
45	6	0.0002608219746	0.01087681218	0.02729119326
45	7	0.002396487161	0.005744862473	0.03116257615
45	8	0.0003468939764	0.0007915098995	0.008571412002
45	9	0.008175076218	0.008182527995	0.04157003563
46	0	0.000343011733	0.007190883826	0.0122935691
46	1	0.00352259648	0.01202304229	0.05333781714
46	2	0.001355673507	0.02943016543	0.05115834917
46	3	0.01239107725	0.01434734899	0.05746973534
46	4	0.002747925947	0.01240510636	0.01558515052
46	5	0.008159407454	0.02177209371	0.02509043831
46	6	0.001709935913	0.01625162035	0.02729119326
46	7	0.01226197066	0.01764742696	0.04786059013
46	8	0.0004581975099	0.001449980296	0.01266024928
46	9	0.0007784476239	0.01795740808	0.03641897482
47	0	0.000343011733	0.003409160638	0.03230109759
47	1	0.006467837469	0.01101681086	0.05059105273
47	2	0.001355673507	0.00690536106	0.04133737651
47	3	0.003144668911	0.01478688957	0.06477081128
47	4	0.0007778338119	0.008879106862	0.01231419138
47	5	0.002511459516	0.01331034877	0.0219102007
47	6	0.001709935913	0.008432024973	0.04418017451
47	7	0.0004519441319	0.001013525866	0.01843083253
47	8	0.001695500753	0.01043581935	0.01266024928
47	9	0.008428220037	0.01795740808	0.03525785417
48	0	0.000343011733	0.008036644735	0.02171859689
48	1	0.0006094085657	0.004478074789	0.05059105273
48	2	0.005152629714	0.02662194416	0.03819153498
48	3	0.001458898655	0.006291454412	0.02664997515
48	4	0.001629060781	0.002042917437	0.01306539507
48	5	0.001230828514	0.02914020168	0.03470821604
48	6	0.0003305792545	0.002456259123	0.01671463416
48	7	0.0004519441319	0.001013525866	0.06855828403
48	8	0.002466478696	0.009203890506	0.01782795409
48	9	0.004645578528	0.01063913808	0.01391544837
49	0	0.000343011733	0.008036644735	0.06086075371
49	1	0.007406815165	0.03605120353	0.04834849525
49	2	0.005152629714	0.01944507893	0.02891592328
49	3	0.005396571302	0.006291454412	0.02980081916
49	4	0.0004721740644	0.002042917437	0.01306539507
49	5	0.001230828514	0.02914020168	0.03819232524
49	6	0.001682647605	0.002456259123	0.02755537317
49	7	0.0004519441319	0.001013525866	0.08556149696
49	8	0.0008546573455	0.01053745421	0.01621299252
49	9	0.002207157206	0.004645578528	0.02692952031
50	0	0.000343011733	0.008036644735	0.02220715178
50	1	0.003712396359	0.009502398196	0.05077467239
50	2	6.750803513e-06	0.0101111864	0.03153744279
50	3	0.006291454412	0.01266759914	0.0713880165
50	4	0.0004721740644	0.002042917437	0.00594893563
50	5	0.001230828514	0.02624486427	0.02853731009
50	6	0.001983528255	0.004325719342	0.03409225767
50	7	0.0004519441319	0.001875970082	0.05884515434
50	8	0.0008546573455	0.006750931727	0.01936834587
50	9	0.004645578528	0.01601570207	0.02692952031
51	0	0.000343011733	0.008036644735	0.02620394335
51	1	0.01507758117	0.01983007463	0.05077467239
51	2	0.0004811515266	0.01546407189	0.03153744279
51	3	0.006282932896	0.006291454412	0.04223535924
51	4	0.001869180948	0.002042917437	0.00594893563
51	5	0.001230828514	0.02624486427	0.02633811122
51	6	0.001983528255	0.004325719342	0.0214236341
51	7	0.02033155268	0.02048281887	0.0445975968
51	8	0.001323239116	0.004256753094	0.007129914441
51	9	0.004645578528	0.007585900735	0.02692952031
52	0	0.002207993066	0.007804279729	0.02620394335
52	1	0.01507758117	0.01949248525	0.03149638978
52	2	0.001742187502	0.01114112973	0.03984098365
52	3	0.003986082792	0.005718916654	0.0290821669
52	4	0.0001535035386	0.00112084113	0.008749446902
52	5	0.02489324895	0.03399315089	0.04735740685
52	6	0.004325719342	0.004883184748	0.01639923516
52	7	0.01224772943	0.01375641065	0.08118513408
52	8	0.001323239116	0.004256753094	0.02691919501
52	9	0.004699381619	0.008793820219	0.03283147634
53	0	0.002207993066	0.01340200388	0.03156335799
53	1	0.001732365002	0.006584410119	0.03149638978
53	2	0.0007969023857	0.0267776856	0.0355994337
53	3	0.003986082792	0.01610465143	0.04279001286
53	4	0.001197187239	0.008001557651	0.008749446902
53	5	0.0294227568	0.03399315089	0.04735740685
53	6	0.002349370287	0.005029457375	0.01639923516
53	7	0.005309853	0.01331298645	0.08118513408
53	8	0.004375176733	0.0168473064	0.02834579492
53	9	0.008793820219	0.01151797045	0.02728683549
54	0	0.002207993066	0.01340200388	0.04386019819
54	1	0.001732365002	0.006584410119	0.02928535006
54	2	0.0007969023857	0.009186879217	0.0355994337
54	3	0.01134814432	0.0169080283	0.03683407618
54	4	0.001919106413	0.008424789598	0.01376489078
54	5	0.006967010175	0.0294227568	0.05472298996
54	6	0.002349370287	0.005029457375	0.02344077263
54	7	0.005309853	0.01331298645	0.04043945859
54	8	0.004375176733	0.0145252479	0.02834579492
54	9	0.001133377485	0.004507577476	0.01037306321
55	0	0.002207993066	0.01340200388	0.03681602981
55	1	0.005631294298	0.006584410119	0.0375879534
55	2	0.002709439539	0.008127430059	0.04405749232
55	3	0.008170952435	0.009272162308	0.03683407618
55	4	0.00590932925	0.009528746124	0.01329905904
55	5	0.002331794989	0.02358282416	0.04110003138
55	6	0.005963238848	0.00634194078	0.01523628239
55	7	0.005786128389	0.01331298645	0.05271004207
55	8	0.004375176733	0.0145252479	0.02814048629
55	9	0.003566565022	0.004417260338	0.03347714637
56	0	0.002207993066	0.01046669961	0.03681602981
56	1	0.01725938099	0.01736412075	0.02809088177
56	2	0.002709439539	0.008638727734	0.01668619521
56	3	0.008170952435	0.009272162308	0.03683407618
56	4	0.004942782117	0.01371436335	0.01388153944
56	5	0.00899957977	0.01812515306	0.07242626786
56	6	0.003608016915	0.008488658238	0.03315913544
56	7	0.0008769900457	0.001650765151	0.05271004207
56	8	0.002869807984	0.004375176733	0.005369754782
56	9	0.0008623314739	0.003566565022	0.01594361215
57	0	0.00143819483	0.01336384828	0.02288616585
57	1	0.004197459765	0.009529494764	0.02809088177
57	2	0.002709439539	0.007241675463	0.0257313278
57	3	0.005640804703	0.008170952435	0.02313876442
57	4	0.0001315087435	0.01185598162	0.01388153944
57	5	0.018376737	0.02003906859	0.0759072534
57	6	0.00229139734	0.01380869872	0.03175626146
57	7	0.0008769900457	0.001650765151	0.04680921835
57	8	0.0001032984238	0.002960705365	0.005591008721
57	9	0.003566565022	0.01379895461	0.02388667067
58	0	0.00143819483	0.02145613764	0.02202153414
58	1	0.004197459765	0.01038136874	0.04308881074
58	2	0.002709439539	0.007241675463	0.02247789216
58	3	0.005640804703	0.01731655039	0.03370722246
58	4	0.006593177849	0.01258512789	0.01928293816
58	5	0.018376737	0.03910700502	0.07853157447
58	6	0.00229139734	0.0157197256	0.01754702211
58	7	0.0008769900457	0.003223686776	0.02208917099
58	8	0.0001032984238	0.003187891353	0.005591008721
58	9	0.003566565022	0.006553419054	0.03728867735
59	0	0.00143819483	0.02202153414	0.03890702509
59	1	0.0002050556884	0.007636243927	0.04308881074
59	2	0.006972811807	0.02078666833	0.03083754566
59	3	0.001381844351	0.008430555633	0.04549189765
59	4	0.001585504046	0.005207882049	0.008332418613
59	5	0.02560502206	0.05415518791	0.07853157447
59	6	0.00229139734	0.01754702211	0.02618196767
59	7	0.0008769900457	0.003223686776	0.04397308
59	8	0.0001032984238	0.005591008721	0.009573999824
59	9	0.003566565022	0.003693200529	0.01372366599
60	0	0.00143819483	0.0172348528	0.04448634387
60	1	0.0002050556884	0.007636243927	0.03839398691
60	2	0.000425281096	0.004585627983	0.04912760586
60	3	0.001381844351	0.003881168614	0.02825251845
60	4	0.001585504046	0.004060943478	0.01358312249
60	5	0.01514132444	0.01679501548	0.0377560077
60	6	0.0003100843926	0.00229139734	0.02746933781
60	7	0.005471208786	0.007521666446	0.04397308
60	8	0.0001032984238	0.0002048652193	0.02118539507
60	9	0.003693200529	0.009353136815	0.03046765973
61	0	0.00143819483	0.01222605369	0.04011269473
61	1	0.004029428814	0.005747913895	0.05198015727
61	2	0.006779454521	0.02163678839	0.04912760586
61	3	0.002370319386	0.003278028445	0.04694776133
61	4	0.002123240551	0.008392538933	0.01498568081
61	5	0.01679501548	0.03523402923	0.05080475777
61	6	0.002146241817	0.003411339653	0.02986846647
61	7	0.006029557849	0.007510983014	0.02604232443
61	8	0.0001032984238	0.0002048652193	0.006419015732
61	9	0.009353136815	0.01370681433	0.03381791795
62	0	0.00143819483	0.01222605369	0.03881546636
62	1	0.003192054187	0.01028483914	0.05198015727
62	2	0.005114034587	0.006197131607	0.03713480842
62	3	0.003278028445	0.01054863362	0.04437489999
62	4	0.002709757123	0.00974583002	0.01261772116
62	5	0.007643914261	0.03834834199	0.05239766033
62	6	0.002146241817	0.01310369165	0.02053467569
62	7	0.006029557849	0.008478035337	0.04106825492
62	8	0.0001032984238	0.007343216711	0.01605375946
62	9	0.001477247206	0.009353136815	0.03189415974
63	0	0.00143819483	0.0105412802	0.03881546636
63	1	0.009654114465	0.01084840921	0.02844596468
63	2	0.005114034587	0.01220566045	0.02761902372
63	3	0.008994544978	0.01054863362	0.05812366845
63	4	0.0001210618993	0.01018680148	0.01164905524
63	5	0.01036840024	0.03704290408	0.03955734619
63	6	0.002146241817	0.005564168876	0.02053467569
63	7	0.008478035337	0.01452538751	0.02529862992
63	8	0.0001032984238	0.006194621511	0.01406928236
63	9	0.003324897402	0.009353136815	0.03189415974
64	0	0.00143819483	0.01863071963	0.03881546636
64	1	0.007723451252	0.01084840921	0.01994423504
64	2	0.008683102193	0.03422468687	0.03708032227
64	3	0.002281362383	0.01054863362	0.04792802156
64	4	0.006188831414	0.00648183705	0.01164905524
64	5	0.01036840024	0.02485362518	0.04044533112
64	6	0.002146241817	0.005564168876	0.02053467569
64	7	0.01072157533	0.01452538751	0.02529862992
64	8	0.0001032984238	0.006460943067	0.01406928236
64	9	0.007989132102	0.01052453915	0.0348804931
65	0	0.00143819483	0.0252423955	0.04070686311
65	1	0.01155975404	0.01536332133	0.01994423504
65	2	0.008683102193	0.009260353112	0.04474384766
65	3	0.002281362383	0.01054863362	0.02686084773
65	4	0.001321951261	0.01164905524	0.02078578219
65	5	0.0144105739	0.02353050319	0.03323602367
65	6	0.002146241817	0.01745042635	0.02947124106
65	7	0.002149558394	0.008070898336	0.0412620784
65	8	0.000497127912	0.002662933484	0.007283263739
65	9	0.003273710875	0.004186584773	0.0348804931
66	0	0.00143819483	0.01683808859	0.04859615457
66	1	0.007293237008	0.02171424295	0.02871403191
66	2	0.004554344336	0.01232562513	0.02006807084
66	3	0.0005556693702	0.005201867705	0.03180669153
66	4	0.005489065114	0.01126885947	0.02078578219
66	5	0.0144105739	0.01448862808	0.03323602367
66	6	0.0009394608585	0.01220827752	0.02947124106
66	7	0.002149558394	0.01084954865	0.0412620784
66	8	0.002662933484	0.005115405726	0.005353421218
66	9	0.001176707063	0.006820477843	0.0348804931
67	0	0.00143819483	0.007142498233	0.03325816718
67	1	0.002077321244	0.02171424295	0.02871403191
67	2	0.004554344336	0.01232562513	0.04026476097
67	3	0.005122580931	0.009629999755	0.03180669153
67	4	0.005489065114	0.005991928186	0.01126885947
67	5	0.0144105739	0.04028219453	0.04277912484
67	6	0.0005506127324	0.01220827752	0.02947124106
67	7	0.002149558394	0.01176480052	0.0412620784
67	8	0.002662933484	0.005353421218	0.01647285894
67	9	0.0007745180663	0.004028676621	0.02770911722
68	0	0.005190883287	0.02821985168	0.03325816718
68	1	0.002077321244	0.0253247591	0.02871403191
68	2	0.004554344336	0.01524364299	0.04026476097
68	3	0.005122580931	0.009629999755	0.02476127386
68	4	0.009184968956	0.02141264501	0.02436260857
68	5	0.005224376492	0.02834652869	0.04757271316
68	6	0.008603690683	0.01220827752	0.02947124106
68	7	0.001074605868	0.01176480052	0.03152687144
68	8	0.002662933484	0.007011120306	0.04013848583
68	9	0.00768108105	0.01171615	0.02770911722
69	0	0.01103441696	0.01629519826	0.04246037997
69	1	0.001726277428	0.01618041002	0.02871403191
69	2	0.001901480042	0.008759989532	0.03419725703
69	3	0.002537291879	0.00375013795	0.04172200767
69	4	0.003106945539	0.01315448272	0.02860812881
69	5	0.01388659439	0.02834652869	0.04757271316
69	6	0.004030909043	0.008603690683	0.04147434221
69	7	0.001074605868	0.01176480052	0.02841923449
69	8	0.002662933484	0.01853644187	0.02053415385
69	9	0.001524918044	0.01080201134	0.02770911722
70	0	0.004996308463	0.01462380237	0.0257498049
70	1	0.01200921291	0.0180706475	0.0363914613
70	2	0.001901480042	0.01854605596	0.03419725703
70	3	0.00375013795	0.007884168665	0.04696351352
70	4	0.002661471783	0.008293178132	0.01807084777
70	5	0.002526373292	0.03001305182	0.04757271316
70	6	0.002411043177	0.01069052732	0.04147434221
70	7	0.001074605868	0.01286288918	0.03818231437
70	8	0.007786825168	0.008850181427	0.02053415385
70	9	0.002305717631	0.004943769169	0.02385110939
71	0	0.005981716998	0.01462380237	0.03973372941
71	1	0.002966655491	0.03867318961	0.0458049213
71	2	0.001901480042	0.01324850324	0.02521343696
71	3	0.007884168665	0.01504450199	0.05720729064
71	4	0.011989187	0.01844280872	0.01930254261
71	5	0.0126040217	0.03411792953	0.0460109728
71	6	0.002411043177	0.007425616083	0.03085265691
71	7	0.001074605868	0.02044299193	0.06000699771
71	8	0.007786825168	0.008850181427	0.009808136544
71	9	0.004943769169	0.004965546526	0.03188638479
72	0	0.002587341207	0.0149517674	0.03973372941
72	1	0.008148027203	0.04307509121	0.06560072019
72	2	0.00365774595	0.01324850324	0.04634305453
72	3	0.002566447483	0.003835099978	0.03916973049
72	4	0.006448753776	0.01007848417	0.01844280872
72	5	0.0126040217	0.029397639	0.03693134854
72	6	0.002411043177	0.007425616083	0.0185461374
72	7	0.001074605868	0.006282495951	0.0529871507
72	8	0.002577955619	0.007589612473	0.0192737888
72	9	0.002217603331	0.004943769169	0.01801740243
73	0	0.002587341207	0.01415292349	0.04300647148
73	1	0.008148027203	0.04307509121	0.04314406871
73	2	0.00365774595	0.01016469918	0.04297539849
73	3	0.005064859726	0.01177953306	0.03916973049
73	4	0.001791712295	0.005226589709	0.006448753776
73	5	0.01224082338	0.02505942439	0.03693134854
73	6	0.0003029091708	0.007609673501	0.02192417675
73	7	0.0001462067464	0.001090280705	0.04652361627
73	8	0.00432679347	0.008101274232	0.01423951607
73	9	0.002217603331	0.00604055982	0.01458149516
74	0	0.002587341207	0.005015147306	0.01878166579
74	1	0.003406925524	0.0144588867	0.02299397109
74	2	0.001570128728	0.01467465402	0.05038573456
74	3	0.002402111427	0.01112750355	0.04761692891
74	4	0.0009948833079	0.00493398085	0.005855250022
74	5	0.01175864689	0.02871407269	0.04207427661
74	6	0.0003029091708	0.007609673501	0.02077684569
74	7	0.0001462067464	0.006101935885	0.02013373977
74	8	0.00432679347	0.005794147378	0.01626460727
74	9	0.005344960161	0.007742129385	0.02981472227
75	0	0.002587341207	0.02337558654	0.03355130534
75	1	0.01705315347	0.01749958019	0.02720787393
75	2	0.001570128728	0.005902723055	0.03640629739
75	3	0.001194199078	0.009887264076	0.0285106292
75	4	0.003228717411	0.005660029018	0.01115956269
75	5	0.003116919378	0.02871407269	0.04994753394
75	6	0.001681342519	0.004940359405	0.01689911116
75	7	0.0001462067464	0.006101935885	0.01311230256
75	8	0.004578403425	0.005903466143	0.02209335874
75	9	0.007716035679	0.02118895461	0.02981472227
76	0	0.002587341207	0.02173809716	0.02337558654
76	1	0.01075951485	0.01749958019	0.0257219019
76	2	0.002950421316	0.02572452561	0.06255508077
76	3	0.01230617173	0.01565856442	0.02511158398
76	4	0.002425601032	0.005660029018	0.01345448703
76	5	0.003116919378	0.01530405841	0.05615251217
76	6	0.001681342519	0.01272403416	0.01689911116
76	7	0.004137779135	0.005950813617	0.03173794232
76	8	0.005903466143	0.008523468258	0.02209335874
76	9	0.00643448702	0.02565601555	0.04795528941
77	0	0.0002396799299	0.02337558654	0.03892495071
77	1	0.01176340246	0.02100844471	0.05536451079
77	2	0.0001226608352	0.01743811148	0.06205599935
77	3	0.005864407483	0.01565856442	0.06803878837
77	4	0.008846679883	0.01335598357	0.01345448703
77	5	0.003116919378	0.03176143413	0.05293894993
77	6	2.121443922e-05	0.001681342519	0.02727876385
77	7	0.002599959043	0.006902956761	0.03997147634
77	8	0.001000265449	0.01341328803	0.01371457994
77	9	0.001056002865	0.00643448702	0.03239369677
78	0	0.001975680357	0.01072843146	0.05284204954
78	1	0.009482943748	0.009714767695	0.0401626479
78	2	0.001250239317	0.005643405745	0.07938010119
78	3	0.005094611304	0.04230131695	0.06803878837
78	4	0.002665102721	0.01152477752	0.01345448703
78	5	0.003116919378	0.03849745957	0.0471579934
78	6	2.121443922e-05	0.001681342519	0.01489290247
78	7	0.003446785289	0.02373106801	0.04235178677
78	8	0.001000265449	0.007886183367	0.01316791569
78	9	0.004774860782	0.00643448702	0.04386337661
79	0	0.001975680357	0.006780004322	0.01946203039
79	1	0.01294857357	0.01519926167	0.03375932073
79	2	0.007859550939	0.02735632882	0.03059358619
79	3	0.002774928815	0.005094611304	0.1044490301
79	4	0.001872697572	0.002665102721	0.005786600284
79	5	0.01178515972	0.0181666802	0.0471579934
79	6	2.121443922e-05	0.001681342519	0.01800199613
79	7	0.0005678416978	0.002292924217	0.04169196315
79	8	0.001000265449	0.009418555815	0.01316791569
79	9	0.003252256088	0.01817690874	0.0323195452
80	0	0.001975680357	0.006780004322	0.04022193018
80	1	0.01294857357	0.01519926167	0.03032754562
80	2	0.007219027005	0.01955835401	0.04701891175
80	3	0.003028509482	0.01321576204	0.07359136381
80	4	0.001441203353	0.00234337052	0.002604530281
80	5	0.002359762789	0.006538411393	0.01619850821
80	6	2.121443922e-05	0.004967107726	0.01557029905
80	7	0.0005678416978	0.002292924217	0.05326496734
80	8	0.001000265449	0.01077663183	0.01316791569
80	9	0.01029825413	0.01817690874	0.03706870946
81	0	0.006369212963	0.006780004322	0.02899796235
81	1	0.004146741134	0.01519926167	0.04377683673
81	2	0.007219027005	0.01574838169	0.04701891175
81	3	0.006606564869	0.01040675222	0.02247000396
81	4	0.0008256746137	0.000967658181	0.002604530281
81	5	0.002359762789	0.02199664203	0.02731549995
81	6	2.121443922e-05	0.004967107726	0.05099062069
81	7	2.684887637e-05	0.0005678416978	0.03198682058
81	8	0.007342959817	0.01016554056	0.01765501539
81	9	0.00802614726	0.01029825413	0.02956260001
82	0	0.005911972707	0.006369212963	0.04173746305
82	1	0.004883067509	0.01519926167	0.01541955323
82	2	0.0006146411681	0.01574838169	0.03102571082
82	3	0.0101878651	0.02596707204	0.06163055586
82	4	0.0008256746137	0.002604530281	0.003027791141
82	5	0.002359762789	0.01673587712	0.03730291726
82	6	0.001829007445	0.004967107726	0.05469035252
82	7	0.003915643454	0.01594684062	0.04041502492
82	8	0.002763309599	0.01241741343	0.01436035435
82	9	0.001324146427	0.004640932269	0.02243877018
83	0	0.001630142845	0.01601972327	0.05479725736
83	1	0.004883067509	0.007345992503	0.03674509574
83	2	0.0001817723463	0.01289289165	0.02887676684
83	3	0.00204036283	0.0101878651	0.03870837326
83	4	0.008961680473	0.01990099352	0.02482391138
83	5	0.003282161136	0.02407360804	0.06321059886
83	6	0.004606868752	0.01513119507	0.02566611762
83	7	0.003915643454	0.01594684062	0.04041502492
83	8	0.007450165323	0.01241741343	0.01436035435
83	9	0.005492705217	0.00590079015	0.02243877018
84	0	0.001630142845	0.01601972327	0.05378298111
84	1	0.0003628484551	0.005239236896	0.03674509574
84	2	0.006788592538	0.01177933109	0.02887676684
84	3	0.00204036283	0.0101878651	0.03507997273
84	4	0.0002799181285	0.01859618521	0.02482391138
84	5	0.01515293869	0.0238763824	0.05526176102
84	6	0.0004571113967	0.02115877165	0.02206759712
84	7	0.005604740351	0.009647861915	0.05566060617
84	8	0.00879442996	0.01328653215	0.01601482273
84	9	0.005492705217	0.01432999555	0.02210328944
85	0	0.007898383828	0.02663490012	0.04914768488
85	1	0.0008503159017	0.004231519853	0.03287985951
85	2	0.006788592538	0.01177933109	0.04909582499
85	3	0.00204036283	0.01004064104	0.03956849313
85	4	0.0002799181285	0.01007986539	0.02252431293
85	5	0.007181825474	0.0299112439	0.03688502463
85	6	0.0004571113967	0.02115877165	0.02670682877
85	7	0.0001218821	0.009647861915	0.02445204218
85	8	0.001708491201	0.003701882535	0.01601482273
85	9	0.005492705217	0.009088754737	0.03626382845
86	0	0.001401890175	0.01889409959	0.03684882617
86	1	0.0008503159017	0.01250265014	0.03655208611
86	2	0.006055276558	0.01177933109	0.03941117908
86	3	0.01472814866	0.02804961412	0.05645598645
86	4	0.003633882661	0.01595592789	0.0192261291
86	5	0.007181825474	0.03515019116	0.03880111549
86	6	0.0004571113967	0.003189400483	0.01813159572
86	7	0.0001218821	0.0009446354593	0.04836683056
86	8	0.009987470039	0.01275221727	0.01601482273
86	9	0.005492705217	0.01239558498	0.03626382845
87	0	0.001401890175	0.007693307089	0.03515934491
87	1	0.0008503159017	0.008023148901	0.02748185356
87	2	0.006055276558	0.01440214265	0.02625185548
87	3	0.01881715623	0.0481723097	0.05906313925
87	4	0.0006092198746	0.001307193959	0.01973964632
87	5	0.0118972725	0.02526767273	0.03038261652
87	6	0.0004571113967	0.00388318307	0.02187335423
87	7	0.0001218821	0.01030155271	0.04836683056
87	8	0.0006539187753	0.01145181327	0.01601482273
87	9	0.006570297665	0.006703863231	0.02755819061
88	0	0.002566459139	0.01583348886	0.03500159961
88	1	0.0008692749208	0.001072443694	0.02502219083
88	2	0.0005618587835	0.01440214265	0.02625185548
88	3	0.0002092969943	0.0481723097	0.05906313925
88	4	0.0006092198746	0.002607052225	0.007758382532
88	5	0.0118972725	0.0192802551	0.03750615965
88	6	0.0004571113967	0.00388318307	0.01938396866
88	7	0.0001218821	0.01719894137	0.04836683056
88	8	0.0006539187753	0.008044671225	0.009876867345
88	9	0.006570297665	0.01936168581	0.02755819061
89	0	0.01583348886	0.02783143655	0.0503050926
89	1	0.0008083763824	0.001072443694	0.02604136275
89	2	0.0005618587835	0.01440214265	0.03334430352
89	3	0.00657558838	0.01150770378	0.05906313925
89	4	0.0006092198746	0.003680285091	0.00461932966
89	5	0.01157453838	0.0192802551	0.05592604717
89	6	0.003637619572	0.00388318307	0.02210703305
89	7	0.001517937858	0.01175907265	0.05189332189
89	8	0.0006539187753	0.0008134055329	0.01445533913
89	9	0.002102234413	0.01765486791	0.01936168581
90	0	0.00286779294	0.01583348886	0.04099240678
90	1	0.004615581063	0.005094667746	0.03407079928
90	2	0.002518678305	0.01440214265	0.03462766901
90	3	0.00657558838	0.01400867586	0.04668538023
90	4	0.002382807477	0.003047201463	0.003680285091
90	5	0.009402465663	0.01818205587	0.03319671731
90	6	0.003637619572	0.00388318307	0.01025277107
90	7	8.102680629e-05	0.004499107647	0.05189332189
90	8	0.0008134055329	0.008530837726	0.01705969545
90	9	0.002102234413	0.009801805143	0.04356601865
91	0	0.003627319176	0.01928692686	0.05644326587
91	1	0.01153990101	0.01290181958	0.03407079928
91	2	0.002518678305	0.01440214265	0.04102253599
91	3	0.01094685347	0.01400867586	0.04164411814
91	4	0.003047201463	0.003273356825	0.004861313674
91	5	0.006633550546	0.009402465663	0.03099068857
91	6	0.00388318307	0.01142519895	0.04573483833
91	7	0.01327060599	0.01341024399	0.0540200434
91	8	0.005899246302	0.008530837726	0.02820524501
91	9	0.002583966144	0.01477868497	0.04939084196
92	0	0.002141198245	0.01326584445	0.07353425833
92	1	0.009633676317	0.01290181958	0.02273932903
92	2	0.002518678305	0.01288314755	0.0351259997
92	3	0.006841662192	0.01094685347	0.05834690131
92	4	0.001870502918	0.003273356825	0.004861313674
92	5	0.00615772642	0.007756585068	0.03521356982
92	6	0.00280866331	0.01142519895	0.02357609125
92	7	0.01393558682	0.01826280633	0.0540200434
92	8	0.005899246302	0.009044839062	0.02223976326
92	9	0.0001158995262	0.003796339532	0.02810161181
93	0	0.007495310454	0.01391849692	0.0594053058
93	1	0.007014079024	0.01439633918	0.02273932903
93	2	0.002518678305	0.003522400941	0.03441808023
93	3	0.01094685347	0.01438616362	0.03344828852
93	4	0.003273356825	0.01371883397	0.01651541605
93	5	0.007756585068	0.02715627782	0.03128371515
93	6	0.00103877412	0.01114677768	0.02194952123
93	7	0.005788852097	0.01509080201	0.06160976419
93	8	0.007112845117	0.009044839062	0.01065041822
93	9	0.0001158995262	0.00467311373	0.02322868537
94	0	0.007495310454	0.01391849692	0.04929820011
94	1	0.01715823814	0.01784212163	0.05429814203
94	2	0.0003529369153	0.003522400941	0.03475209175
94	3	0.002143226601	0.008084183912	0.05299188012
94	4	0.007346690535	0.009833493655	0.01838004499
94	5	0.007756585068	0.03304394336	0.03343705425
94	6	0.00103877412	0.02267410181	0.03212566405
94	7	0.001352176266	0.005788852097	0.03695110104
94	8	0.0004283638802	0.009044839062	0.01889841275
94	9	0.0001158995262	0.01105351177	0.03573701781
95	0	0.007495310454	0.009466479141	0.02616047264
95	1	0.009528796393	0.01715823814	0.06243887133
95	2	0.0003529369153	0.003522400941	0.01524684923
95	3	0.00800503383	0.01203726862	0.04687086309
95	4	0.007346690535	0.01251159355	0.01838004499
95	5	0.01250915823	0.03861438409	0.03902188981
95	6	0.003326786211	0.02127174899	0.03212566405
95	7	0.001352176266	0.004012029807	0.03115607625
95	8	0.001177474861	0.008981104864	0.0251813351
95	9	0.0001158995262	0.01369650326	0.04060669821
96	0	0.007495310454	0.009466479141	0.04687290176
96	1	0.01272313019	0.01715823814	0.05780748795
96	2	0.0003529369153	0.007762165023	0.01524684923
96	3	0.00800503383	0.01307046156	0.04687086309
96	4	0.00387317179	0.01838004499	0.02608143986
96	5	0.006663764494	0.01822164451	0.0382937291
96	6	0.003326786211	0.008461094067	0.02127174899
96	7	0.005356243076	0.008001169312	0.05296997524
96	8	0.003304903733	0.009079665833	0.01340951454
96	9	0.007985524795	0.01124464103	0.02818851383
97	0	0.007495310454	0.009466479141	0.02970724599
97	1	0.01112194434	0.02616971484	0.05337642185
97	2	0.0007765190789	0.006724719719	0.03271187067
97	3	0.00800503383	0.01307046156	0.05284479511
97	4	0.01410467323	0.01838004499	0.02608143986
97	5	0.006663764494	0.01656242006	0.0382937291
97	6	0.004841624365	0.005105351245	0.02127174899
97	7	0.002257850311	0.005148894634	0.03059802306
97	8	0.003304903733	0.01340951454	0.01912730953
97	9	0.009034834498	0.01124464103	0.02818851383
98	0	0.003886618943	0.01831810889	0.02767942881
98	1	0.005645886753	0.01047044424	0.04928010048
98	2	0.0007765190789	0.01005206087	0.03271187067
98	3	0.003211683933	0.00800503383	0.06369902159
98	4	0.01171512217	0.01838004499	0.02608143986
98	5	0.005802949663	0.02803984157	0.0382937291
98	6	0.003329464189	0.004841624365	0.05395941661
98	7	0.005148894634	0.006307052025	0.03059802306
98	8	0.00317172744	0.003304903733	0.01404741627
98	9	0.007877858126	0.0156711723	0.03534141129
99	0	0.005012567697	0.01315444568	0.03995680431
99	1	0.001495851644	0.009895104073	0.03847369143
99	2	0.0007765190789	0.01211900863	0.03271187067
99	3	0.003179350529	0.003211683933	0.05200098616
99	4	0.005064052663	0.01814753086	0.02608143986
99	5	0.01117173768	0.01773162491	0.03786860859
99	6	0.003329464189	0.01066371434	0.01772736057
99	7	0.00158220844	0.006307052025	0.03238512158
99	8	0.003304903733	0.00450936518	0.01270618658
99	9	0.00535652894	0.0156711723	0.04266927964
