iter	locus	tip0	tip1	tip2	tip3
0	0	3	4	1	2
0	1	2	4	1	3
0	2	1	2	3	4
0	3	3	4	1	2
0	4	2	3	1	4
0	5	3	4	1	2
0	6	1	2	3	4
0	7	3	4	1	2
0	8	1	2	3	4
0	9	3	4	1	2
1	0	3	4	1	2
1	1	2	4	1	3
1	2	1	2	3	4
1	3	1	2	3	4
1	4	2	3	1	4
1	5	1	2	3	4
1	6	1	2	3	4
1	7	3	4	1	2
1	8	1	2	3	4
1	9	3	4	1	2
2	0	1	2	3	4
2	1	2	1	3	4
2	2	1	2	3	4
2	3	3	4	1	2
2	4	2	1	3	4
2	5	3	4	1	2
2	6	3	4	1	2
2	7	3	4	1	2
2	8	2	1	3	4
2	9	3	4	1	2
3	0	3	4	1	2
3	1	2	1	3	4
3	2	1	2	3	4
3	3	3	4	1	2
3	4	2	3	1	4
3	5	3	4	1	2
3	6	3	4	1	2
3	7	3	4	1	2
3	8	2	1	3	4
3	9	3	4	1	2
4	0	3	4	1	2
4	1	2	4	1	3
4	2	1	2	3	4
4	3	1	2	3	4
4	4	2	1	3	4
4	5	3	4	1	2
4	6	3	4	1	2
4	7	3	4	1	2
4	8	1	2	3	4
4	9	3	4	1	2
5	0	1	2	3	4
5	1	2	4	1	3
5	2	1	2	3	4
5	3	3	4	1	2
5	4	2	4	1	3
5	5	3	4	1	2
5	6	3	4	1	2
5	7	3	4	1	2
5	8	3	4	1	2
5	9	3	4	1	2
6	0	3	4	1	2
6	1	2	4	1	3
6	2	1	2	3	4
6	3	3	4	1	2
6	4	3	4	1	2
6	5	3	4	1	2
6	6	1	2	3	4
6	7	3	4	1	2
6	8	2	1	3	4
6	9	3	4	1	2
7	0	3	4	1	2
7	1	2	4	1	3
7	2	4	3	1	2
7	3	1	2	3	4
7	4	1	2	3	4
7	5	3	4	1	2
7	6	3	4	1	2
7	7	1	2	3	4
7	8	1	2	3	4
7	9	3	4	1	2
8	0	3	4	1	2
8	1	2	1	3	4
8	2	3	4	1	2
8	3	1	2	3	4
8	4	1	4	2	3
8	5	3	4	1	2
8	6	1	2	3	4
8	7	1	2	3	4
8	8	1	2	3	4
8	9	3	4	1	2
9	0	3	4	1	2
9	1	2	1	3	4
9	2	1	2	3	4
9	3	3	4	1	2
9	4	1	4	2	3
9	5	3	4	1	2
9	6	1	2	3	4
9	7	1	2	3	4
9	8	1	2	3	4
9	9	3	4	1	2
10	0	3	4	1	2
10	1	2	1	3	4
10	2	1	2	3	4
10	3	3	4	1	2
10	4	2	4	1	3
10	5	3	4	1	2
10	6	1	2	3	4
10	7	1	2	3	4
10	8	1	2	3	4
10	9	1	2	3	4
11	0	3	4	1	2
11	1	2	1	3	4
11	2	1	2	3	4
11	3	1	2	3	4
11	4	1	2	3	4
11	5	3	4	1	2
11	6	3	4	1	2
11	7	1	2	3	4
11	8	1	2	3	4
11	9	3	4	1	2
12	0	3	4	1	2
12	1	2	3	1	4
12	2	1	2	3	4
12	3	1	2	3	4
12	4	1	2	3	4
12	5	3	4	1	2
12	6	1	2	3	4
12	7	1	2	3	4
12	8	1	2	3	4
12	9	3	4	1	2
13	0	1	2	3	4
13	1	2	3	1	4
13	2	1	2	3	4
13	3	3	4	1	2
13	4	2	3	1	4
13	5	1	2	3	4
13	6	1	2	3	4
13	7	1	2	3	4
13	8	1	2	3	4
13	9	3	4	1	2
14	0	1	2	3	4
14	1	2	4	1	3
14	2	1	2	3	4
14	3	3	4	1	2
14	4	2	4	1	3
14	5	3	4	1	2
14	6	1	2	3	4
14	7	3	4	1	2
14	8	3	4	1	2
14	9	3	4	1	2
15	0	3	4	1	2
15	1	2	3	1	4
15	2	1	2	3	4
15	3	1	2	3	4
15	4	2	3	1	4
15	5	3	4	1	2
15	6	1	2	3	4
15	7	3	4	1	2
15	8	3	4	1	2
15	9	3	4	1	2
16	0	3	4	1	2
16	1	2	4	1	3
16	2	1	2	3	4
16	3	1	2	3	4
16	4	2	3	1	4
16	5	3	4	1	2
16	6	1	2	3	4
16	7	1	2	3	4
16	8	3	4	1	2
16	9	1	2	3	4
17	0	3	4	1	2
17	1	2	1	3	4
17	2	3	4	1	2
17	3	1	2	3	4
17	4	2	4	1	3
17	5	3	4	1	2
17	6	1	2	3	4
17	7	3	4	1	2
17	8	2	1	3	4
17	9	1	2	3	4
18	0	1	2	3	4
18	1	2	4	1	3
18	2	1	2	3	4
18	3	3	4	1	2
18	4	4	2	1	3
18	5	3	4	1	2
18	6	1	2	3	4
18	7	3	4	1	2
18	8	1	2	3	4
18	9	3	4	1	2
19	0	3	4	1	2
19	1	2	4	1	3
19	2	1	2	3	4
19	3	3	4	1	2
19	4	2	3	1	4
19	5	3	4	1	2
19	6	1	2	3	4
19	7	3	4	1	2
19	8	1	2	3	4
19	9	3	4	1	2
20	0	3	4	1	2
20	1	2	1	3	4
20	2	1	2	3	4
20	3	3	4	1	2
20	4	1	4	2	3
20	5	3	4	1	2
20	6	1	2	3	4
20	7	3	4	1	2
20	8	3	4	1	2
20	9	3	4	1	2
21	0	3	4	1	2
21	1	2	4	1	3
21	2	1	2	3	4
21	3	1	2	3	4
21	4	2	4	1	3
21	5	3	4	1	2
21	6	1	2	3	4
21	7	3	4	1	2
21	8	3	4	1	2
21	9	3	4	1	2
22	0	3	4	1	2
22	1	2	4	1	3
22	2	1	2	3	4
22	3	1	2	3	4
22	4	2	4	1	3
22	5	1	2	3	4
22	6	1	2	3	4
22	7	3	4	1	2
22	8	3	4	1	2
22	9	3	4	1	2
23	0	3	4	1	2
23	1	2	1	3	4
23	2	1	2	3	4
23	3	1	2	3	4
23	4	1	2	3	4
23	5	1	2	3	4
23	6	1	2	3	4
23	7	3	4	1	2
23	8	2	1	3	4
23	9	3	4	1	2
24	0	3	4	1	2
24	1	2	1	3	4
24	2	1	2	3	4
24	3	1	2	3	4
24	4	3	4	1	2
24	5	3	4	1	2
24	6	1	2	3	4
24	7	1	2	3	4
24	8	3	4	1	2
24	9	1	2	3	4
25	0	3	4	1	2
25	1	2	4	1	3
25	2	1	2	3	4
25	3	1	2	3	4
25	4	2	1	3	4
25	5	3	4	1	2
25	6	1	2	3	4
25	7	1	2	3	4
25	8	1	2	3	4
25	9	1	2	3	4
26	0	1	2	3	4
26	1	2	4	1	3
26	2	3	4	1	2
26	3	1	2	3	4
26	4	2	3	1	4
26	5	3	4	1	2
26	6	4	3	1	2
26	7	1	2	3	4
26	8	2	1	3	4
26	9	3	4	1	2
27	0	1	2	3	4
27	1	2	3	1	4
27	2	1	2	3	4
27	3	3	4	1	2
27	4	2	1	3	4
27	5	3	4	1	2
27	6	3	4	1	2
27	7	1	2	3	4
27	8	3	4	1	2
27	9	3	4	1	2
28	0	3	4	1	2
28	1	2	3	1	4
28	2	1	2	3	4
28	3	1	2	3	4
28	4	2	1	3	4
28	5	1	2	3	4
28	6	1	2	3	4
28	7	1	2	3	4
28	8	1	2	3	4
28	9	1	2	3	4
29	0	3	4	1	2
29	1	2	3	1	4
29	2	3	4	1	2
29	3	1	2	3	4
29	4	4	3	1	2
29	5	3	4	1	2
29	6	1	2	3	4
29	7	1	2	3	4
29	8	3	4	1	2
29	9	3	4	1	2
30	0	3	4	1	2
30	1	2	3	1	4
30	2	3	4	1	2
30	3	3	4	1	2
30	4	2	4	1	3
30	5	1	2	3	4
30	6	1	2	3	4
30	7	1	2	3	4
30	8	2	1	3	4
30	9	3	4	1	2
31	0	3	4	1	2
31	1	2	4	1	3
31	2	1	2	3	4
31	3	3	4	1	2
31	4	2	3	1	4
31	5	3	4	1	2
31	6	1	2	3	4
31	7	1	2	3	4
31	8	2	1	3	4
31	9	1	2	3	4
32	0	2	1	3	4
32	1	2	4	1	3
32	2	1	2	3	4
32	3	3	4	1	2
32	4	2	4	1	3
32	5	3	4	1	2
32	6	1	2	3	4
32	7	3	4	1	2
32	8	1	2	3	4
32	9	1	2	3	4
33	0	2	1	3	4
33	1	2	4	1	3
33	2	1	2	3	4
33	3	1	2	3	4
33	4	2	4	1	3
33	5	3	4	1	2
33	6	1	2	3	4
33	7	3	4	1	2
33	8	3	4	1	2
33	9	1	2	3	4
34	0	2	1	3	4
34	1	2	4	1	3
34	2	3	4	1	2
34	3	1	2	3	4
34	4	4	2	1	3
34	5	3	4	1	2
34	6	1	2	3	4
34	7	1	2	3	4
34	8	1	2	3	4
34	9	1	2	3	4
35	0	2	1	3	4
35	1	2	3	1	4
35	2	1	2	3	4
35	3	1	2	3	4
35	4	4	1	2	3
35	5	3	4	1	2
35	6	1	2	3	4
35	7	1	2	3	4
35	8	3	4	1	2
35	9	3	4	1	2
36	0	3	4	1	2
36	1	2	3	1	4
36	2	1	2	3	4
36	3	1	2	3	4
36	4	4	2	1	3
36	5	3	4	1	2
36	6	1	2	3	4
36	7	1	2	3	4
36	8	1	2	3	4
36	9	1	2	3	4
37	0	3	4	1	2
37	1	2	4	1	3
37	2	1	2	3	4
37	3	1	2	3	4
37	4	3	1	2	4
37	5	2	1	3	4
37	6	3	4	1	2
37	7	1	2	3	4
37	8	1	2	3	4
37	9	3	4	1	2
38	0	3	4	1	2
38	1	2	3	1	4
38	2	1	2	3	4
38	3	1	2	3	4
38	4	1	3	2	4
38	5	3	4	1	2
38	6	1	2	3	4
38	7	3	4	1	2
38	8	3	4	1	2
38	9	3	4	1	2
39	0	3	4	1	2
39	1	2	3	1	4
39	2	1	2	3	4
39	3	3	4	1	2
39	4	4	2	1	3
39	5	3	4	1	2
39	6	1	2	3	4
39	7	3	4	1	2
39	8	3	4	1	2
39	9	3	4	1	2
40	0	3	4	1	2
40	1	2	3	1	4
40	2	3	4	1	2
40	3	3	4	1	2
40	4	1	3	2	4
40	5	1	2	3	4
40	6	1	2	3	4
40	7	3	4	1	2
40	8	3	4	1	2
40	9	3	4	1	2
41	0	3	4	1	2
41	1	2	4	1	3
41	2	4	3	1	2
41	3	3	4	1	2
41	4	2	1	3	4
41	5	3	4	1	2
41	6	1	2	3	4
41	7	3	4	1	2
41	8	3	4	1	2
41	9	3	4	1	2
42	0	3	4	1	2
42	1	2	4	1	3
42	2	1	2	3	4
42	3	3	4	1	2
42	4	1	2	3	4
42	5	3	4	1	2
42	6	3	4	1	2
42	7	3	4	1	2
42	8	3	4	1	2
42	9	3	4	1	2
43	0	3	4	1	2
43	1	2	4	1	3
43	2	1	2	3	4
43	3	3	4	1	2
43	4	1	3	2	4
43	5	3	4	1	2
43	6	3	4	1	2
43	7	1	2	3	4
43	8	1	2	3	4
43	9	3	4	1	2
44	0	3	4	1	2
44	1	2	4	1	3
44	2	1	2	3	4
44	3	1	2	3	4
44	4	2	3	1	4
44	5	3	4	1	2
44	6	3	4	1	2
44	7	3	4	1	2
44	8	1	2	3	4
44	9	3	4	1	2
45	0	3	4	1	2
45	1	2	4	1	3
45	2	1	2	3	4
45	3	3	4	1	2
45	4	1	3	2	4
45	5	1	2	3	4
45	6	3	4	1	2
45	7	3	4	1	2
45	8	1	2	3	4
45	9	3	4	1	2
46	0	3	4	1	2
46	1	2	4	1	3
46	2	1	2	3	4
46	3	3	4	1	2
46	4	2	4	1	3
46	5	3	4	1	2
46	6	1	2	3	4
46	7	1	2	3	4
46	8	3	4	1	2
46	9	3	4	1	2
47	0	3	4	1	2
47	1	2	1	3	4
47	2	1	2	3	4
47	3	3	4	1	2
47	4	2	4	1	3
47	5	3	4	1	2
47	6	1	2	3	4
47	7	1	2	3	4
47	8	3	4	1	2
47	9	3	4	1	2
48	0	3	4	1	2
48	1	2	4	1	3
48	2	1	2	3	4
48	3	3	4	1	2
48	4	2	4	1	3
48	5	3	4	1	2
48	6	3	4	1	2
48	7	1	2	3	4
48	8	3	4	1	2
48	9	3	4	1	2
49	0	3	4	1	2
49	1	2	4	1	3
49	2	1	2	3	4
49	3	3	4	1	2
49	4	2	4	1	3
49	5	3	4	1	2
49	6	3	4	1	2
49	7	1	2	3	4
49	8	3	4	1	2
49	9	1	2	3	4
50	0	3	4	1	2
50	1	2	1	3	4
50	2	1	2	3	4
50	3	1	2	3	4
50	4	2	4	1	3
50	5	1	2	3	4
50	6	1	2	3	4
50	7	1	2	3	4
50	8	1	2	3	4
50	9	3	4	1	2
51	0	3	4	1	2
51	1	2	3	1	4
51	2	1	2	3	4
51	3	3	4	1	2
51	4	2	3	1	4
51	5	1	2	3	4
51	6	1	2	3	4
51	7	3	4	1	2
51	8	1	2	3	4
51	9	3	4	1	2
52	0	3	4	1	2
52	1	2	3	1	4
52	2	1	2	3	4
52	3	3	4	1	2
52	4	1	3	2	4
52	5	1	2	3	4
52	6	3	4	1	2
52	7	1	2	3	4
52	8	1	2	3	4
52	9	3	4	1	2
53	0	3	4	1	2
53	1	2	4	1	3
53	2	1	2	3	4
53	3	3	4	1	2
53	4	2	3	1	4
53	5	1	2	3	4
53	6	1	2	3	4
53	7	3	4	1	2
53	8	1	2	3	4
53	9	1	2	3	4
54	0	3	4	1	2
54	1	2	4	1	3
54	2	1	2	3	4
54	3	3	4	1	2
54	4	2	3	1	4
54	5	3	4	1	2
54	6	1	2	3	4
54	7	3	4	1	2
54	8	1	2	3	4
54	9	3	4	1	2
55	0	3	4	1	2
55	1	2	4	1	3
55	2	1	2	3	4
55	3	3	4	1	2
55	4	1	4	2	3
55	5	3	4	1	2
55	6	1	2	3	4
55	7	3	4	1	2
55	8	1	2	3	4
55	9	3	4	1	2
56	0	3	4	1	2
56	1	2	1	3	4
56	2	1	2	3	4
56	3	3	4	1	2
56	4	3	1	2	4
56	5	3	4	1	2
56	6	1	2	3	4
56	7	3	4	1	2
56	8	1	2	3	4
56	9	1	2	3	4
57	0	1	2	3	4
57	1	2	4	1	3
57	2	1	2	3	4
57	3	1	2	3	4
57	4	1	3	2	4
57	5	3	4	1	2
57	6	1	2	3	4
57	7	3	4	1	2
57	8	1	2	3	4
57	9	3	4	1	2
58	0	2	1	3	4
58	1	2	4	1	3
58	2	1	2	3	4
58	3	1	2	3	4
58	4	1	4	2	3
58	5	3	4	1	2
58	6	3	4	1	2
58	7	3	4	1	2
58	8	3	4	1	2
58	9	3	4	1	2
59	0	3	4	1	2
59	1	2	4	1	3
59	2	1	2	3	4
59	3	3	4	1	2
59	4	2	3	1	4
59	5	3	4	1	2
59	6	1	2	3	4
59	7	3	4	1	2
59	8	1	2	3	4
59	9	3	4	1	2
60	0	3	4	1	2
60	1	2	4	1	3
60	2	1	2	3	4
60	3	3	4	1	2
60	4	2	3	1	4
60	5	1	2	3	4
60	6	3	4	1	2
60	7	1	2	3	4
60	8	1	2	3	4
60	9	1	2	3	4
61	0	3	4	1	2
61	1	2	4	1	3
61	2	1	2	3	4
61	3	3	4	1	2
61	4	3	1	2	4
61	5	3	4	1	2
61	6	3	4	1	2
61	7	1	2	3	4
61	8	1	2	3	4
61	9	3	4	1	2
62	0	3	4	1	2
62	1	2	4	1	3
62	2	1	2	3	4
62	3	1	2	3	4
62	4	4	3	1	2
62	5	3	4	1	2
62	6	3	4	1	2
62	7	1	2	3	4
62	8	1	2	3	4
62	9	1	2	3	4
63	0	3	4	1	2
63	1	2	4	1	3
63	2	1	2	3	4
63	3	1	2	3	4
63	4	2	4	1	3
63	5	3	4	1	2
63	6	3	4	1	2
63	7	3	4	1	2
63	8	1	2	3	4
63	9	1	2	3	4
64	0	3	4	1	2
64	1	2	4	1	3
64	2	4	3	1	2
64	3	1	2	3	4
64	4	2	4	1	3
64	5	3	4	1	2
64	6	3	4	1	2
64	7	3	4	1	2
64	8	1	2	3	4
64	9	3	4	1	2
65	0	3	4	1	2
65	1	2	4	1	3
65	2	1	2	3	4
65	3	1	2	3	4
65	4	2	4	1	3
65	5	3	4	1	2
65	6	3	4	1	2
65	7	1	2	3	4
65	8	1	2	3	4
65	9	1	2	3	4
66	0	3	4	1	2
66	1	2	4	1	3
66	2	1	2	3	4
66	3	1	2	3	4
66	4	2	3	1	4
66	5	3	4	1	2
66	6	3	4	1	2
66	7	1	2	3	4
66	8	1	2	3	4
66	9	3	4	1	2
67	0	3	4	1	2
67	1	2	4	1	3
67	2	1	2	3	4
67	3	3	4	1	2
67	4	1	4	2	3
67	5	3	4	1	2
67	6	3	4	1	2
67	7	1	2	3	4
67	8	3	4	1	2
67	9	3	4	1	2
68	0	3	4	1	2
68	1	2	4	1	3
68	2	1	2	3	4
68	3	3	4	1	2
68	4	2	4	1	3
68	5	3	4	1	2
68	6	3	4	1	2
68	7	1	2	3	4
68	8	3	4	1	2
68	9	1	2	3	4
69	0	3	4	1	2
69	1	2	4	1	3
69	2	1	2	3	4
69	3	1	2	3	4
69	4	1	3	2	4
69	5	3	4	1	2
69	6	1	2	3	4
69	7	1	2	3	4
69	8	1	2	3	4
69	9	3	4	1	2
70	0	3	4	1	2
70	1	2	1	3	4
70	2	1	2	3	4
70	3	3	4	1	2
70	4	2	4	1	3
70	5	3	4	1	2
70	6	3	4	1	2
70	7	1	2	3	4
70	8	3	4	1	2
70	9	1	2	3	4
71	0	3	4	1	2
71	1	2	4	1	3
71	2	1	2	3	4
71	3	1	2	3	4
71	4	1	2	3	4
71	5	3	4	1	2
71	6	3	4	1	2
71	7	1	2	3	4
71	8	3	4	1	2
71	9	3	4	1	2
72	0	3	4	1	2
72	1	2	4	1	3
72	2	1	2	3	4
72	3	1	2	3	4
72	4	2	4	1	3
72	5	3	4	1	2
72	6	3	4	1	2
72	7	1	2	3	4
72	8	3	4	1	2
72	9	1	2	3	4
73	0	3	4	1	2
73	1	2	4	1	3
73	2	1	2	3	4
73	3	3	4	1	2
73	4	2	3	1	4
73	5	3	4	1	2
73	6	3	4	1	2
73	7	3	4	1	2
73	8	3	4	1	2
73	9	1	2	3	4
74	0	3	4	1	2
74	1	2	4	1	3
74	2	1	2	3	4
74	3	3	4	1	2
74	4	2	3	1	4
74	5	3	4	1	2
74	6	3	4	1	2
74	7	3	4	1	2
74	8	4	3	1	2
74	9	3	4	1	2
75	0	1	2	3	4
75	1	2	1	3	4
75	2	1	2	3	4
75	3	3	4	1	2
75	4	2	4	1	3
75	5	3	4	1	2
75	6	3	4	1	2
75	7	3	4	1	2
75	8	1	2	3	4
75	9	3	4	1	2
76	0	2	1	3	4
76	1	2	4	1	3
76	2	1	2	3	4
76	3	3	4	1	2
76	4	2	1	3	4
76	5	3	4	1	2
76	6	3	4	1	2
76	7	3	4	1	2
76	8	3	4	1	2
76	9	3	4	1	2
77	0	3	4	1	2
77	1	2	3	1	4
77	2	1	2	3	4
77	3	3	4	1	2
77	4	2	3	1	4
77	5	3	4	1	2
77	6	1	2	3	4
77	7	1	2	3	4
77	8	3	4	1	2
77	9	1	2	3	4
78	0	3	4	1	2
78	1	2	1	3	4
78	2	1	2	3	4
78	3	3	4	1	2
78	4	2	4	1	3
78	5	3	4	1	2
78	6	1	2	3	4
78	7	3	4	1	2
78	8	3	4	1	2
78	9	1	2	3	4
79	0	3	4	1	2
79	1	2	1	3	4
79	2	1	2	3	4
79	3	1	2	3	4
79	4	2	1	3	4
79	5	3	4	1	2
79	6	1	2	3	4
79	7	1	2	3	4
79	8	3	4	1	2
79	9	1	2	3	4
80	0	3	4	1	2
80	1	2	1	3	4
80	2	1	2	3	4
80	3	1	2	3	4
80	4	4	2	1	3
80	5	3	4	1	2
80	6	1	2	3	4
80	7	1	2	3	4
80	8	1	2	3	4
80	9	1	2	3	4
81	0	3	4	1	2
81	1	2	4	1	3
81	2	1	2	3	4
81	3	1	2	3	4
81	4	4	1	2	3
81	5	3	4	1	2
81	6	1	2	3	4
81	7	3	4	1	2
81	8	3	4	1	2
81	9	3	4	1	2
82	0	1	2	3	4
82	1	2	4	1	3
82	2	1	2	3	4
82	3	3	4	1	2
82	4	2	3	1	4
82	5	3	4	1	2
82	6	1	2	3	4
82	7	1	2	3	4
82	8	1	2	3	4
82	9	3	4	1	2
83	0	3	4	1	2
83	1	2	4	1	3
83	2	1	2	3	4
83	3	1	2	3	4
83	4	2	4	1	3
83	5	3	4	1	2
83	6	3	4	1	2
83	7	1	2	3	4
83	8	1	2	3	4
83	9	3	4	1	2
84	0	3	4	1	2
84	1	2	4	1	3
84	2	1	2	3	4
84	3	1	2	3	4
84	4	4	2	1	3
84	5	3	4	1	2
84	6	3	4	1	2
84	7	1	2	3	4
84	8	1	2	3	4
84	9	3	4	1	2
85	0	3	4	1	2
85	1	2	4	1	3
85	2	1	2	3	4
85	3	1	2	3	4
85	4	4	2	1	3
85	5	3	4	1	2
85	6	3	4	1	2
85	7	1	2	3	4
85	8	1	2	3	4
85	9	3	4	1	2
86	0	3	4	1	2
86	1	2	4	1	3
86	2	1	2	3	4
86	3	1	2	3	4
86	4	2	4	1	3
86	5	1	2	3	4
86	6	3	4	1	2
86	7	1	2	3	4
86	8	1	2	3	4
86	9	3	4	1	2
87	0	3	4	1	2
87	1	2	4	1	3
87	2	1	2	3	4
87	3	1	2	3	4
87	4	2	4	1	3
87	5	1	2	3	4
87	6	3	4	1	2
87	7	1	2	3	4
87	8	1	2	3	4
87	9	3	4	1	2
88	0	3	4	1	2
88	1	2	3	1	4
88	2	1	2	3	4
88	3	1	2	3	4
88	4	2	4	1	3
88	5	3	4	1	2
88	6	3	4	1	2
88	7	1	2	3	4
88	8	1	2	3	4
88	9	3	4	1	2
89	0	1	2	3	4
89	1	2	1	3	4
89	2	1	2	3	4
89	3	3	4	1	2
89	4	2	4	1	3
89	5	3	4	1	2
89	6	3	4	1	2
89	7	1	2	3	4
89	8	3	4	1	2
89	9	3	4	1	2
90	0	3	4	1	2
90	1	2	1	3	4
90	2	1	2	3	4
90	3	3	4	1	2
90	4	2	3	1	4
90	5	3	4	1	2
90	6	3	4	1	2
90	7	1	2	3	4
90	8	1	2	3	4
90	9	3	4	1	2
91	0	3	4	1	2
91	1	2	3	1	4
91	2	1	2	3	4
91	3	3	4	1	2
91	4	2	3	1	4
91	5	1	2	3	4
91	6	1	2	3	4
91	7	1	2	3	4
91	8	1	2	3	4
91	9	3	4	1	2
92	0	3	4	1	2
92	1	2	3	1	4
92	2	1	2	3	4
92	3	1	2	3	4
92	4	2	1	3	4
92	5	1	2	3	4
92	6	1	2	3	4
92	7	1	2	3	4
92	8	1	2	3	4
92	9	3	4	1	2
93	0	3	4	1	2
93	1	2	4	1	3
93	2	1	2	3	4
93	3	3	4	1	2
93	4	1	3	2	4
93	5	3	4	1	2
93	6	1	2	3	4
93	7	1	2	3	4
93	8	1	2	3	4
93	9	3	4	1	2
94	0	3	4	1	2
94	1	2	1	3	4
94	2	1	2	3	4
94	3	3	4	1	2
94	4	3	2	1	4
94	5	3	4	1	2
94	6	1	2	3	4
94	7	3	4	1	2
94	8	1	2	3	4
94	9	3	4	1	2
95	0	3	4	1	2
95	1	2	4	1	3
95	2	1	2	3	4
95	3	3	4	1	2
95	4	3	2	1	4
95	5	3	4	1	2
95	6	4	3	1	2
95	7	3	4	1	2
95	8	3	4	1	2
95	9	3	4	1	2
96	0	3	4	1	2
96	1	2	1	3	4
96	2	1	2	3	4
96	3	3	4	1	2
96	4	2	4	1	3
96	5	3	4	1	2
96	6	1	2	3	4
96	7	1	2	3	4
96	8	2	1	3	4
96	9	1	2	3	4
97	0	3	4	1	2
97	1	2	4	1	3
97	2	1	2	3	4
97	3	3	4	1	2
97	4	2	4	1	3
97	5	3	4	1	2
97	6	1	2	3	4
97	7	1	2	3	4
97	8	3	4	1	2
97	9	1	2	3	4
98	0	3	4	1	2
98	1	2	4	1	3
98	2	1	2	3	4
98	3	1	2	3	4
98	4	2	1	3	4
98	5	3	4	1	2
98	6	3	4	1	2
98	7	3	4	1	2
98	8	1	2	3	4
98	9	3	4	1	2
99	0	3	4	1	2
99	1	2	4	1	3
99	2	1	2	3	4
99	3	3	4	1	2
99	4	2	4	1	3
99	5	1	2	3	4
99	6	3	4	1	2
99	7	3	4	1	2
99	8	3	4	1	2
99	9	3	4	1	2
